<?xml version="1.0"?>
<opencv_storage>
<classifications type_id="opencv-matrix">
  <rows>135</rows>
  <cols>1</cols>
  <dt>i</dt>
  <data>
    49 50 51 52 53 54 55 56 57 57 56 55 54 53 52 49 50 51 55 56 57 52 53
    54 49 50 51 55 56 57 52 53 54 49 50 51 55 57 56 52 53 54 49 50 51 55
    56 57 53 54 52 51 50 49 57 56 55 54 53 52 49 50 51 55 57 56 52 53 54
    49 50 51 55 56 57 52 53 54 49 50 51 55 56 57 53 52 54 50 51 49 57 56
    55 53 52 54 50 49 51 57 56 55 53 52 54 50 49 51 57 56 55 54 53 52 49
    50 51 55 57 56 52 53 54 49 50 51 55 53 52 49 57 56 54 51 50</data></classifications>
</opencv_storage>
