<?xml version="1.0"?>
<opencv_storage>
<classifications type_id="opencv-matrix">
  <rows>341</rows>
  <cols>1</cols>
  <dt>i</dt>
  <data>
    53 56 52 49 57 51 53 56 52 49 57 51 53 56 52 49 57 51 53 56 52 49 57
    51 53 56 52 49 57 51 52 49 57 51 53 56 52 49 57 51 53 56 52 49 57 51
    53 56 52 49 57 51 53 56 52 49 57 51 53 56 57 51 53 56 52 49 57 51 53
    56 52 49 57 54 50 56 49 55 57 54 50 56 49 55 57 54 50 56 49 55 57 54
    50 56 49 55 57 54 50 56 49 55 50 56 49 55 57 54 50 56 49 55 57 54 50
    56 49 55 57 54 50 56 49 55 57 54 50 56 49 55 57 54 50 56 49 55 57 54
    49 55 57 54 50 56 49 55 57 54 50 56 49 55 57 54 50 56 49 55 57 54 50
    56 49 55 57 54 50 56 49 55 57 54 56 50 49 55 57 54 56 50 52 55 54 51
    53 50 52 55 54 51 53 50 52 55 54 51 53 50 52 55 54 51 53 50 52 55 54
    51 53 50 52 55 54 51 53 52 55 54 51 53 50 52 55 54 51 53 50 54 51 53
    50 55 52 54 51 53 50 55 52 54 51 53 50 55 52 54 51 53 50 52 55 54 51
    53 50 52 55 54 51 53 50 52 55 54 51 53 50 52 55 52 50 52 55 54 51 53
    50 52 55 54 51 53 50 52 55 54 51 53 50 52 55 54 51 53 50 52 55 54 51
    53 50 52 55 54 51 53 50 52 55 54 51 53 50 52 55 54 51 53 50 52 55 54
    51 53 50 52 55 54 51 53 50 52 55 54 51 53 50 52 55 54 51</data></classifications>
</opencv_storage>
